{
 "cells": [
  {
   "cell_type": "code",
   "execution_count": 1,
   "id": "c9d97153-9615-4af2-969c-4c7d84fc0c21",
   "metadata": {},
   "outputs": [],
   "source": [
    "import pandas as pd"
   ]
  },
  {
   "cell_type": "code",
   "execution_count": 2,
   "id": "c5713c88-4777-44c5-9870-800820b299e1",
   "metadata": {},
   "outputs": [],
   "source": [
    "dataset = pd.read_csv(\"Preplacementdata.csv\")"
   ]
  },
  {
   "cell_type": "code",
   "execution_count": 3,
   "id": "3d7edca1-3dcf-4e1c-a147-867e52108612",
   "metadata": {},
   "outputs": [
    {
     "data": {
      "text/html": [
       "<div>\n",
       "<style scoped>\n",
       "    .dataframe tbody tr th:only-of-type {\n",
       "        vertical-align: middle;\n",
       "    }\n",
       "\n",
       "    .dataframe tbody tr th {\n",
       "        vertical-align: top;\n",
       "    }\n",
       "\n",
       "    .dataframe thead th {\n",
       "        text-align: right;\n",
       "    }\n",
       "</style>\n",
       "<table border=\"1\" class=\"dataframe\">\n",
       "  <thead>\n",
       "    <tr style=\"text-align: right;\">\n",
       "      <th></th>\n",
       "      <th>sl_no</th>\n",
       "      <th>ssc_p</th>\n",
       "      <th>hsc_p</th>\n",
       "      <th>degree_p</th>\n",
       "      <th>etest_p</th>\n",
       "      <th>mba_p</th>\n",
       "      <th>salary</th>\n",
       "      <th>gender</th>\n",
       "      <th>ssc_b</th>\n",
       "      <th>hsc_b</th>\n",
       "      <th>hsc_s</th>\n",
       "      <th>degree_t</th>\n",
       "      <th>workex</th>\n",
       "      <th>specialisation</th>\n",
       "      <th>status</th>\n",
       "    </tr>\n",
       "  </thead>\n",
       "  <tbody>\n",
       "    <tr>\n",
       "      <th>0</th>\n",
       "      <td>1.0</td>\n",
       "      <td>67.00</td>\n",
       "      <td>91.00</td>\n",
       "      <td>58.00</td>\n",
       "      <td>55.0</td>\n",
       "      <td>58.80</td>\n",
       "      <td>270000.000000</td>\n",
       "      <td>M</td>\n",
       "      <td>Others</td>\n",
       "      <td>Others</td>\n",
       "      <td>Commerce</td>\n",
       "      <td>Sci&amp;Tech</td>\n",
       "      <td>No</td>\n",
       "      <td>Mkt&amp;HR</td>\n",
       "      <td>Placed</td>\n",
       "    </tr>\n",
       "    <tr>\n",
       "      <th>1</th>\n",
       "      <td>2.0</td>\n",
       "      <td>79.33</td>\n",
       "      <td>78.33</td>\n",
       "      <td>77.48</td>\n",
       "      <td>86.5</td>\n",
       "      <td>66.28</td>\n",
       "      <td>200000.000000</td>\n",
       "      <td>M</td>\n",
       "      <td>Central</td>\n",
       "      <td>Others</td>\n",
       "      <td>Science</td>\n",
       "      <td>Sci&amp;Tech</td>\n",
       "      <td>Yes</td>\n",
       "      <td>Mkt&amp;Fin</td>\n",
       "      <td>Placed</td>\n",
       "    </tr>\n",
       "    <tr>\n",
       "      <th>2</th>\n",
       "      <td>3.0</td>\n",
       "      <td>65.00</td>\n",
       "      <td>68.00</td>\n",
       "      <td>64.00</td>\n",
       "      <td>75.0</td>\n",
       "      <td>57.80</td>\n",
       "      <td>250000.000000</td>\n",
       "      <td>M</td>\n",
       "      <td>Central</td>\n",
       "      <td>Central</td>\n",
       "      <td>Arts</td>\n",
       "      <td>Comm&amp;Mgmt</td>\n",
       "      <td>No</td>\n",
       "      <td>Mkt&amp;Fin</td>\n",
       "      <td>Placed</td>\n",
       "    </tr>\n",
       "    <tr>\n",
       "      <th>3</th>\n",
       "      <td>4.0</td>\n",
       "      <td>56.00</td>\n",
       "      <td>52.00</td>\n",
       "      <td>52.00</td>\n",
       "      <td>66.0</td>\n",
       "      <td>59.43</td>\n",
       "      <td>288655.405405</td>\n",
       "      <td>M</td>\n",
       "      <td>Central</td>\n",
       "      <td>Central</td>\n",
       "      <td>Science</td>\n",
       "      <td>Sci&amp;Tech</td>\n",
       "      <td>No</td>\n",
       "      <td>Mkt&amp;HR</td>\n",
       "      <td>Not Placed</td>\n",
       "    </tr>\n",
       "    <tr>\n",
       "      <th>4</th>\n",
       "      <td>5.0</td>\n",
       "      <td>85.80</td>\n",
       "      <td>73.60</td>\n",
       "      <td>73.30</td>\n",
       "      <td>96.8</td>\n",
       "      <td>55.50</td>\n",
       "      <td>425000.000000</td>\n",
       "      <td>M</td>\n",
       "      <td>Central</td>\n",
       "      <td>Central</td>\n",
       "      <td>Commerce</td>\n",
       "      <td>Comm&amp;Mgmt</td>\n",
       "      <td>No</td>\n",
       "      <td>Mkt&amp;Fin</td>\n",
       "      <td>Placed</td>\n",
       "    </tr>\n",
       "    <tr>\n",
       "      <th>...</th>\n",
       "      <td>...</td>\n",
       "      <td>...</td>\n",
       "      <td>...</td>\n",
       "      <td>...</td>\n",
       "      <td>...</td>\n",
       "      <td>...</td>\n",
       "      <td>...</td>\n",
       "      <td>...</td>\n",
       "      <td>...</td>\n",
       "      <td>...</td>\n",
       "      <td>...</td>\n",
       "      <td>...</td>\n",
       "      <td>...</td>\n",
       "      <td>...</td>\n",
       "      <td>...</td>\n",
       "    </tr>\n",
       "    <tr>\n",
       "      <th>210</th>\n",
       "      <td>211.0</td>\n",
       "      <td>80.60</td>\n",
       "      <td>82.00</td>\n",
       "      <td>77.60</td>\n",
       "      <td>91.0</td>\n",
       "      <td>74.49</td>\n",
       "      <td>400000.000000</td>\n",
       "      <td>M</td>\n",
       "      <td>Others</td>\n",
       "      <td>Others</td>\n",
       "      <td>Commerce</td>\n",
       "      <td>Comm&amp;Mgmt</td>\n",
       "      <td>No</td>\n",
       "      <td>Mkt&amp;Fin</td>\n",
       "      <td>Placed</td>\n",
       "    </tr>\n",
       "    <tr>\n",
       "      <th>211</th>\n",
       "      <td>212.0</td>\n",
       "      <td>58.00</td>\n",
       "      <td>60.00</td>\n",
       "      <td>72.00</td>\n",
       "      <td>74.0</td>\n",
       "      <td>53.62</td>\n",
       "      <td>275000.000000</td>\n",
       "      <td>M</td>\n",
       "      <td>Others</td>\n",
       "      <td>Others</td>\n",
       "      <td>Science</td>\n",
       "      <td>Sci&amp;Tech</td>\n",
       "      <td>No</td>\n",
       "      <td>Mkt&amp;Fin</td>\n",
       "      <td>Placed</td>\n",
       "    </tr>\n",
       "    <tr>\n",
       "      <th>212</th>\n",
       "      <td>213.0</td>\n",
       "      <td>67.00</td>\n",
       "      <td>67.00</td>\n",
       "      <td>73.00</td>\n",
       "      <td>59.0</td>\n",
       "      <td>69.72</td>\n",
       "      <td>295000.000000</td>\n",
       "      <td>M</td>\n",
       "      <td>Others</td>\n",
       "      <td>Others</td>\n",
       "      <td>Commerce</td>\n",
       "      <td>Comm&amp;Mgmt</td>\n",
       "      <td>Yes</td>\n",
       "      <td>Mkt&amp;Fin</td>\n",
       "      <td>Placed</td>\n",
       "    </tr>\n",
       "    <tr>\n",
       "      <th>213</th>\n",
       "      <td>214.0</td>\n",
       "      <td>74.00</td>\n",
       "      <td>66.00</td>\n",
       "      <td>58.00</td>\n",
       "      <td>70.0</td>\n",
       "      <td>60.23</td>\n",
       "      <td>204000.000000</td>\n",
       "      <td>F</td>\n",
       "      <td>Others</td>\n",
       "      <td>Others</td>\n",
       "      <td>Commerce</td>\n",
       "      <td>Comm&amp;Mgmt</td>\n",
       "      <td>No</td>\n",
       "      <td>Mkt&amp;HR</td>\n",
       "      <td>Placed</td>\n",
       "    </tr>\n",
       "    <tr>\n",
       "      <th>214</th>\n",
       "      <td>215.0</td>\n",
       "      <td>62.00</td>\n",
       "      <td>58.00</td>\n",
       "      <td>53.00</td>\n",
       "      <td>89.0</td>\n",
       "      <td>60.22</td>\n",
       "      <td>288655.405405</td>\n",
       "      <td>M</td>\n",
       "      <td>Central</td>\n",
       "      <td>Others</td>\n",
       "      <td>Science</td>\n",
       "      <td>Comm&amp;Mgmt</td>\n",
       "      <td>No</td>\n",
       "      <td>Mkt&amp;HR</td>\n",
       "      <td>Not Placed</td>\n",
       "    </tr>\n",
       "  </tbody>\n",
       "</table>\n",
       "<p>215 rows × 15 columns</p>\n",
       "</div>"
      ],
      "text/plain": [
       "     sl_no  ssc_p  hsc_p  degree_p  etest_p  mba_p         salary gender  \\\n",
       "0      1.0  67.00  91.00     58.00     55.0  58.80  270000.000000      M   \n",
       "1      2.0  79.33  78.33     77.48     86.5  66.28  200000.000000      M   \n",
       "2      3.0  65.00  68.00     64.00     75.0  57.80  250000.000000      M   \n",
       "3      4.0  56.00  52.00     52.00     66.0  59.43  288655.405405      M   \n",
       "4      5.0  85.80  73.60     73.30     96.8  55.50  425000.000000      M   \n",
       "..     ...    ...    ...       ...      ...    ...            ...    ...   \n",
       "210  211.0  80.60  82.00     77.60     91.0  74.49  400000.000000      M   \n",
       "211  212.0  58.00  60.00     72.00     74.0  53.62  275000.000000      M   \n",
       "212  213.0  67.00  67.00     73.00     59.0  69.72  295000.000000      M   \n",
       "213  214.0  74.00  66.00     58.00     70.0  60.23  204000.000000      F   \n",
       "214  215.0  62.00  58.00     53.00     89.0  60.22  288655.405405      M   \n",
       "\n",
       "       ssc_b    hsc_b     hsc_s   degree_t workex specialisation      status  \n",
       "0     Others   Others  Commerce   Sci&Tech     No         Mkt&HR      Placed  \n",
       "1    Central   Others   Science   Sci&Tech    Yes        Mkt&Fin      Placed  \n",
       "2    Central  Central      Arts  Comm&Mgmt     No        Mkt&Fin      Placed  \n",
       "3    Central  Central   Science   Sci&Tech     No         Mkt&HR  Not Placed  \n",
       "4    Central  Central  Commerce  Comm&Mgmt     No        Mkt&Fin      Placed  \n",
       "..       ...      ...       ...        ...    ...            ...         ...  \n",
       "210   Others   Others  Commerce  Comm&Mgmt     No        Mkt&Fin      Placed  \n",
       "211   Others   Others   Science   Sci&Tech     No        Mkt&Fin      Placed  \n",
       "212   Others   Others  Commerce  Comm&Mgmt    Yes        Mkt&Fin      Placed  \n",
       "213   Others   Others  Commerce  Comm&Mgmt     No         Mkt&HR      Placed  \n",
       "214  Central   Others   Science  Comm&Mgmt     No         Mkt&HR  Not Placed  \n",
       "\n",
       "[215 rows x 15 columns]"
      ]
     },
     "execution_count": 3,
     "metadata": {},
     "output_type": "execute_result"
    }
   ],
   "source": [
    "dataset"
   ]
  },
  {
   "cell_type": "code",
   "execution_count": 4,
   "id": "442f0956-a9da-4809-9426-b17927da3754",
   "metadata": {},
   "outputs": [
    {
     "data": {
      "text/plain": [
       "sl_no             0\n",
       "ssc_p             0\n",
       "hsc_p             0\n",
       "degree_p          0\n",
       "etest_p           0\n",
       "mba_p             0\n",
       "salary            0\n",
       "gender            0\n",
       "ssc_b             0\n",
       "hsc_b             0\n",
       "hsc_s             0\n",
       "degree_t          0\n",
       "workex            0\n",
       "specialisation    0\n",
       "status            0\n",
       "dtype: int64"
      ]
     },
     "execution_count": 4,
     "metadata": {},
     "output_type": "execute_result"
    }
   ],
   "source": [
    "dataset.isnull().sum()"
   ]
  },
  {
   "cell_type": "code",
   "execution_count": 9,
   "id": "fe3210c5-5995-4665-8b50-2d5498f837f1",
   "metadata": {},
   "outputs": [
    {
     "data": {
      "text/html": [
       "<div>\n",
       "<style scoped>\n",
       "    .dataframe tbody tr th:only-of-type {\n",
       "        vertical-align: middle;\n",
       "    }\n",
       "\n",
       "    .dataframe tbody tr th {\n",
       "        vertical-align: top;\n",
       "    }\n",
       "\n",
       "    .dataframe thead th {\n",
       "        text-align: right;\n",
       "    }\n",
       "</style>\n",
       "<table border=\"1\" class=\"dataframe\">\n",
       "  <thead>\n",
       "    <tr style=\"text-align: right;\">\n",
       "      <th></th>\n",
       "      <th>sl_no</th>\n",
       "      <th>ssc_p</th>\n",
       "      <th>hsc_p</th>\n",
       "      <th>degree_p</th>\n",
       "      <th>etest_p</th>\n",
       "      <th>mba_p</th>\n",
       "      <th>salary</th>\n",
       "    </tr>\n",
       "  </thead>\n",
       "  <tbody>\n",
       "    <tr>\n",
       "      <th>sl_no</th>\n",
       "      <td>3870.000000</td>\n",
       "      <td>-52.641355</td>\n",
       "      <td>-58.106028</td>\n",
       "      <td>-40.413645</td>\n",
       "      <td>52.556168</td>\n",
       "      <td>8.102336</td>\n",
       "      <td>2.484009e+05</td>\n",
       "    </tr>\n",
       "    <tr>\n",
       "      <th>ssc_p</th>\n",
       "      <td>-52.641355</td>\n",
       "      <td>117.228377</td>\n",
       "      <td>60.348373</td>\n",
       "      <td>42.897137</td>\n",
       "      <td>37.659225</td>\n",
       "      <td>24.535952</td>\n",
       "      <td>1.976764e+04</td>\n",
       "    </tr>\n",
       "    <tr>\n",
       "      <th>hsc_p</th>\n",
       "      <td>-58.106028</td>\n",
       "      <td>60.348373</td>\n",
       "      <td>118.755706</td>\n",
       "      <td>34.819820</td>\n",
       "      <td>35.461678</td>\n",
       "      <td>22.555846</td>\n",
       "      <td>4.600806e+04</td>\n",
       "    </tr>\n",
       "    <tr>\n",
       "      <th>degree_p</th>\n",
       "      <td>-40.413645</td>\n",
       "      <td>42.897137</td>\n",
       "      <td>34.819820</td>\n",
       "      <td>54.151103</td>\n",
       "      <td>21.929469</td>\n",
       "      <td>17.272020</td>\n",
       "      <td>-8.064357e+03</td>\n",
       "    </tr>\n",
       "    <tr>\n",
       "      <th>etest_p</th>\n",
       "      <td>52.556168</td>\n",
       "      <td>37.659225</td>\n",
       "      <td>35.461678</td>\n",
       "      <td>21.929469</td>\n",
       "      <td>176.251018</td>\n",
       "      <td>16.886973</td>\n",
       "      <td>1.571579e+05</td>\n",
       "    </tr>\n",
       "    <tr>\n",
       "      <th>mba_p</th>\n",
       "      <td>8.102336</td>\n",
       "      <td>24.535952</td>\n",
       "      <td>22.555846</td>\n",
       "      <td>17.272020</td>\n",
       "      <td>16.886973</td>\n",
       "      <td>34.028376</td>\n",
       "      <td>6.611551e+04</td>\n",
       "    </tr>\n",
       "    <tr>\n",
       "      <th>salary</th>\n",
       "      <td>248400.921950</td>\n",
       "      <td>19767.643976</td>\n",
       "      <td>46008.057275</td>\n",
       "      <td>-8064.357161</td>\n",
       "      <td>157157.850783</td>\n",
       "      <td>66115.509283</td>\n",
       "      <td>5.999726e+09</td>\n",
       "    </tr>\n",
       "  </tbody>\n",
       "</table>\n",
       "</div>"
      ],
      "text/plain": [
       "                  sl_no         ssc_p         hsc_p     degree_p  \\\n",
       "sl_no       3870.000000    -52.641355    -58.106028   -40.413645   \n",
       "ssc_p        -52.641355    117.228377     60.348373    42.897137   \n",
       "hsc_p        -58.106028     60.348373    118.755706    34.819820   \n",
       "degree_p     -40.413645     42.897137     34.819820    54.151103   \n",
       "etest_p       52.556168     37.659225     35.461678    21.929469   \n",
       "mba_p          8.102336     24.535952     22.555846    17.272020   \n",
       "salary    248400.921950  19767.643976  46008.057275 -8064.357161   \n",
       "\n",
       "                etest_p         mba_p        salary  \n",
       "sl_no         52.556168      8.102336  2.484009e+05  \n",
       "ssc_p         37.659225     24.535952  1.976764e+04  \n",
       "hsc_p         35.461678     22.555846  4.600806e+04  \n",
       "degree_p      21.929469     17.272020 -8.064357e+03  \n",
       "etest_p      176.251018     16.886973  1.571579e+05  \n",
       "mba_p         16.886973     34.028376  6.611551e+04  \n",
       "salary    157157.850783  66115.509283  5.999726e+09  "
      ]
     },
     "execution_count": 9,
     "metadata": {},
     "output_type": "execute_result"
    }
   ],
   "source": [
    "dataset.cov(numeric_only=True)"
   ]
  },
  {
   "cell_type": "code",
   "execution_count": 10,
   "id": "bb8a98c4-478e-4670-bb60-ac47fb9db280",
   "metadata": {},
   "outputs": [
    {
     "data": {
      "text/plain": [
       "'\\n   * etest and mba. (16.886973) it is positive covariance, E-test score increase and MBA score also increase \\n   * degree and etest. (21.929469) it is positive covariance, Degree score increase and E-test score also increase\\n   * the covariance between E-test and MBA is 16.89 and the covariance between Degree and E-test is 21.93. Both values are positive,\\n     indicating a positive relationship between the variables.\\n'"
      ]
     },
     "execution_count": 10,
     "metadata": {},
     "output_type": "execute_result"
    }
   ],
   "source": [
    "# summary:\n",
    "\"\"\"\n",
    "   * etest and mba. (16.886973) it is positive covariance, E-test score increase and MBA score also increase \n",
    "   * degree and etest. (21.929469) it is positive covariance, Degree score increase and E-test score also increase\n",
    "   * the covariance between E-test and MBA is 16.89 and the covariance between Degree and E-test is 21.93. Both values are positive,\n",
    "     indicating a positive relationship between the variables.\n",
    "\"\"\"\n"
   ]
  },
  {
   "cell_type": "code",
   "execution_count": 12,
   "id": "a30070c5-97c3-4d8e-a4d3-da7d45eed7c5",
   "metadata": {},
   "outputs": [
    {
     "data": {
      "text/html": [
       "<div>\n",
       "<style scoped>\n",
       "    .dataframe tbody tr th:only-of-type {\n",
       "        vertical-align: middle;\n",
       "    }\n",
       "\n",
       "    .dataframe tbody tr th {\n",
       "        vertical-align: top;\n",
       "    }\n",
       "\n",
       "    .dataframe thead th {\n",
       "        text-align: right;\n",
       "    }\n",
       "</style>\n",
       "<table border=\"1\" class=\"dataframe\">\n",
       "  <thead>\n",
       "    <tr style=\"text-align: right;\">\n",
       "      <th></th>\n",
       "      <th>sl_no</th>\n",
       "      <th>ssc_p</th>\n",
       "      <th>hsc_p</th>\n",
       "      <th>degree_p</th>\n",
       "      <th>etest_p</th>\n",
       "      <th>mba_p</th>\n",
       "      <th>salary</th>\n",
       "    </tr>\n",
       "  </thead>\n",
       "  <tbody>\n",
       "    <tr>\n",
       "      <th>sl_no</th>\n",
       "      <td>1.000000</td>\n",
       "      <td>-0.078155</td>\n",
       "      <td>-0.085711</td>\n",
       "      <td>-0.088281</td>\n",
       "      <td>0.063636</td>\n",
       "      <td>0.022327</td>\n",
       "      <td>0.051550</td>\n",
       "    </tr>\n",
       "    <tr>\n",
       "      <th>ssc_p</th>\n",
       "      <td>-0.078155</td>\n",
       "      <td>1.000000</td>\n",
       "      <td>0.511472</td>\n",
       "      <td>0.538404</td>\n",
       "      <td>0.261993</td>\n",
       "      <td>0.388478</td>\n",
       "      <td>0.023571</td>\n",
       "    </tr>\n",
       "    <tr>\n",
       "      <th>hsc_p</th>\n",
       "      <td>-0.085711</td>\n",
       "      <td>0.511472</td>\n",
       "      <td>1.000000</td>\n",
       "      <td>0.434206</td>\n",
       "      <td>0.245113</td>\n",
       "      <td>0.354823</td>\n",
       "      <td>0.054506</td>\n",
       "    </tr>\n",
       "    <tr>\n",
       "      <th>degree_p</th>\n",
       "      <td>-0.088281</td>\n",
       "      <td>0.538404</td>\n",
       "      <td>0.434206</td>\n",
       "      <td>1.000000</td>\n",
       "      <td>0.224470</td>\n",
       "      <td>0.402364</td>\n",
       "      <td>-0.014148</td>\n",
       "    </tr>\n",
       "    <tr>\n",
       "      <th>etest_p</th>\n",
       "      <td>0.063636</td>\n",
       "      <td>0.261993</td>\n",
       "      <td>0.245113</td>\n",
       "      <td>0.224470</td>\n",
       "      <td>1.000000</td>\n",
       "      <td>0.218055</td>\n",
       "      <td>0.152829</td>\n",
       "    </tr>\n",
       "    <tr>\n",
       "      <th>mba_p</th>\n",
       "      <td>0.022327</td>\n",
       "      <td>0.388478</td>\n",
       "      <td>0.354823</td>\n",
       "      <td>0.402364</td>\n",
       "      <td>0.218055</td>\n",
       "      <td>1.000000</td>\n",
       "      <td>0.146324</td>\n",
       "    </tr>\n",
       "    <tr>\n",
       "      <th>salary</th>\n",
       "      <td>0.051550</td>\n",
       "      <td>0.023571</td>\n",
       "      <td>0.054506</td>\n",
       "      <td>-0.014148</td>\n",
       "      <td>0.152829</td>\n",
       "      <td>0.146324</td>\n",
       "      <td>1.000000</td>\n",
       "    </tr>\n",
       "  </tbody>\n",
       "</table>\n",
       "</div>"
      ],
      "text/plain": [
       "             sl_no     ssc_p     hsc_p  degree_p   etest_p     mba_p    salary\n",
       "sl_no     1.000000 -0.078155 -0.085711 -0.088281  0.063636  0.022327  0.051550\n",
       "ssc_p    -0.078155  1.000000  0.511472  0.538404  0.261993  0.388478  0.023571\n",
       "hsc_p    -0.085711  0.511472  1.000000  0.434206  0.245113  0.354823  0.054506\n",
       "degree_p -0.088281  0.538404  0.434206  1.000000  0.224470  0.402364 -0.014148\n",
       "etest_p   0.063636  0.261993  0.245113  0.224470  1.000000  0.218055  0.152829\n",
       "mba_p     0.022327  0.388478  0.354823  0.402364  0.218055  1.000000  0.146324\n",
       "salary    0.051550  0.023571  0.054506 -0.014148  0.152829  0.146324  1.000000"
      ]
     },
     "execution_count": 12,
     "metadata": {},
     "output_type": "execute_result"
    }
   ],
   "source": [
    "dataset.corr(numeric_only=True)"
   ]
  },
  {
   "cell_type": "code",
   "execution_count": null,
   "id": "ac886ab8-ee79-40c8-9fc7-e3468fed105a",
   "metadata": {},
   "outputs": [],
   "source": [
    "#summary:\n",
    "\"\"\"\n",
    "    * the correlation between MBA and Salary is 0.146, indicating a weak positive relationship. this means that an increase MBA score may be associated\n",
    "     with a slight increase in salary, but the relatiopship is not strong."
   ]
  }
 ],
 "metadata": {
  "kernelspec": {
   "display_name": "Python 3 (ipykernel)",
   "language": "python",
   "name": "python3"
  },
  "language_info": {
   "codemirror_mode": {
    "name": "ipython",
    "version": 3
   },
   "file_extension": ".py",
   "mimetype": "text/x-python",
   "name": "python",
   "nbconvert_exporter": "python",
   "pygments_lexer": "ipython3",
   "version": "3.14.4"
  },
  "widgets": {
   "application/vnd.jupyter.widget-state+json": {
    "state": {},
    "version_major": 2,
    "version_minor": 0
   }
  }
 },
 "nbformat": 4,
 "nbformat_minor": 5
}
